1 2 3 4 5 6 7 8 9 10
1 2 2 3 3 4 4 5 5


11111
1112
122

1111
112
22

3 111 1 2
2 11 2

1111 1 1 2 (1 1 2) 2 2

11111
1112
122

111111
11112
1122
222

1111111
111112
11122
1222

11111111
1111112
111122
11222
222

1 2 3 4 5 6 7 8 9 10 11 12 13 14 15
1 1 1 1 2 2 2 2 2 3   3  3   3   3  4

1 2 5
1 2 3 4 5 6 7 8 9 10 11 12 13 14 15
1 2 2 3 4 5 5 6 6 10  10 11 11 12 18

1111111111
111111112
11111122
1111222
112222
22222
111115
11125
1225
55

111111111111111
11111111111112
1111111111122
111111111222
11111112222
1111122222
111222222
12222222
11111111115


0 1 2 3 4 5 6 7 8 9 10 11 12 13 14 15 16 17 18 19 20
0 1 2 2 3 4 5 6 7 8 10  10 13  7   8  8   9   9  10 10 11

111111111111
11111111112
1111111122
111111222
11112222
1122222
222222
11111115
1111125
111225
12225
1155
255

0 1 2 3 4 5 6 7 8 9 10 11 12 13 14 15 16 17 18 19 20
0 0 1 1 1 1 2 0 1 0 1   0   1  0   1   0  1   0  1  0   1